SEED = false
NUM_EPOCHS = 30
BATCH_SIZE = 32

# Number of signal/background events in training dataset.
# The final training size is DSIZE*2
DSIZE = 20000

LEARNING_RATE = 0.000018675460538381732

SIGNAL = "ex2nu"

[INPUT_FILES]
ex2nu = ""

# KamNet Hyperparameters
[KAMNET_PARAMS]
momentum = 0.7806697572271865
lr = 7.729560386535045e-5
first_filter = 5
second_filter = 3
do = 0.08623589261579744
s2_1 = 36 
so3_2 = 63
so3_3 = 74 
so3_4 = 124
fc_max = 1080
s1 = 12
s2 = 22
sdo = 0.406085565931351
optimizer = "RMSprop"
s2gridtype = "s2_ni"
so3gridtype = "so3_eq"
ftype = "SO3I"
BATCH_SIZE = 32
last_bw = 2
do2 = 0.0